0081	4690660024988
0082	4690660024995
0083	4690660025008
0089	4690660025060
0090	4690660025077
0092	4690660025091
0112	4690660028566
0113	4690660028573
0114	4690660028580
0117	4690660028610
0118	4690660028627
0119	4690660028634
0202	4607114180091
0205	4607114180121
0209цвет	4690660009510
0210	4607114181739
021427	4690660019854
035101	4690660015979
035102	4690660015986
035103	4690660015993
035104	4690660016006
035105	4690660016013
035106	4690660025558
035107	4690660025565
035801	4690660017263
035802	4690660017270
035803	4690660017287
035804	4690660017294
035805	4690660017300
035806	4690660017317
035807	4690660017324
035808	4690660017331
090712	4690660010325
090713	4690660010332
090714	4690660010349
090715	4690660010356
1180	4690660057870
1181	4690660057887
1182	4690660057894
1183	4690660057900
1184	4690660057917
1185	4690660057924
1186	4690660057931
1313черн	4690660092130
2233	4640004820837
2234бирюз	4690660110292
2310сер	4690660111176
2320зел	4690660058181
2900	4607114180503
2941	4640004827102
3152	4640004823302
3210беж	4690660117475
3210бирюз	4690660117482
3210изум	4690660117499
3210рубин	4690660117505
3210сер	4690660117512
4161беж-черн	4690660093915
4161рубин-черн	4690660093946
4169рубин-бел	4690660094141
4170бирюз-хром	4690660094172
5024	4607114180770
5033	4607114180794
5054	4690660016266
5059	4607114189728
5062	4607114187823
5500	4690660036189
81117	4690660028405
8292	4690660024117
8293	4690660024124
832720дб	4690660077526
8370беж	4690660081011
8376сер	4690660027170
8408сер	4690660034024
84404д	4690660059706
8502	4607114181890
8517	4607114182002
8538	4607114182132
8540	4607114182156
8541	4607114182163
8550	4607114182194
8551	4607114182200
8555	4640004824620
8576	4607114182286
8577	4607114182293
8578	4607114182309
8603	4640004826198
8605	4690660011353
8607	4690660011377
8616	4690660011445
90011беж	4690660067534
90012беж	4690660067558
90013беж	4690660067572
90014беж	4690660067596
9011	4607114182354
9012	4607114182361
9013	4607114182378
9014	4690660011711
9018	4690660009398
9142сер	4690660006434
9143сер	4690660006854
9341беж	4607114183429
94010беж	4690660095063
94020беж	4690660095100
94030беж	4690660095148
94473милит	4690660072781
94473син	4690660072798
94474милит	4690660072828
94474син	4690660072835
9632сер	4690660006472
9633сер	4690660006977
9751сер	4690660006496
9752кор	4607114184679
9752сер	4690660006519
9753кор	4607114184686
9753сер	4690660006533
